0.28731433881038865
0.28386309661992487
0.2803472815691078
0.27676458581644436
0.2731126197721593
0.2693893865197866
0.26559289625955446
0.2617212254016712
0.25777266192566317
0.2537455254365758
0.24963804272646015
0.24544880506939518
0.24117628748234818
0.23681910287200691
0.23237566667546125
0.22784505776544112
0.22322603113637504
0.21851731702521252
0.2137181494463074
0.20882738877644844
0.20584886544041492
0.20484869265636296
0.20384477694169142
0.20283708267173534
0.20182564236490336
0.20081049988298189
0.19979169914302713
0.19876929442823893
0.19774322003405906
0.19671338356264176
0.1956798380633603
0.19464252986621527
0.19360154615550593
0.1925568957671445
0.1915085077359039
0.19045637857074754
0.1894006581139945
0.18834120756533115
0.18727815909304604
0.18621145280758747
0.1851410510197378
0.18406698610872546
0.18298926395189266
0.18190790744174729
0.1808229679593166
0.17973440600043392
0.17864229994203937
0.1775467379323495
0.17644754174189814
0.17534466826549766
0.17423836548535337
0.17312868282096736
0.17201561353938402
0.17089896643736915
0.16977894700489238
0.16865556986293437
0.1675288171254227
0.16639865099905038
0.1652651632619621
0.16412846573897946
0.16298877220863311
0.16184617780892463
0.16070016709601284
0.1595508513682385
0.158398888987014
0.15724396241808827
0.1560859998792361
0.15492522851087515
0.153761778132507
0.15259568100891865
0.1514269852227484
0.15025573906456047
0.1490818491525977
0.147905607205052
0.1467273874072442
0.14554690338471415
0.1443642461315884
0.1431797643012678
0.14199337785278923
0.14080513596666847
0.13961533492994338
0.13842411787808828
0.13723163364507948
0.13603803734645267
0.134843459338634
0.1336478540559999
0.13245191938986947
0.13125580494972194
0.13005911054378794
0.12886225085089903
0.12766564156081356
0.1264699037876745
0.1252747288181208
0.12408018227079498
0.12288683958364166
0.12169507429910342
0.12050526178316892
0.11931777930161572
0.11813288999242098
0.11695077694336449
0.11577171408781223
0.11459646192855848
0.11342556863098231
0.11225945335086988
0.11109817676447764
0.10994224041697938
0.10879258937233353
0.10764989755055192
0.1065144879029171
0.105386542795467
0.10426707850761222
0.10315721013490467
0.1020577330988445
0.10096850795061871
0.09989098291225283
0.09882604767910372
0.0977741788994953
0.09673667938758895
0.09571457883629692
0.09470888655358975
0.09372055667587749
0.09275044809174182
0.09180004430334458
0.09087140515201038
0.0899642073747711
0.08908046696394813
0.08822216338591023
0.08739019493825809
0.08658574039746345
0.0858105099726234
0.08506650241530524
0.0843549170504599
0.0836775901461584
0.08303621207256935
0.08243233609719196
0.08186808134596
0.08134458650044742
0.08086349262052246
0.08042696075054646
0.08003719111822404
0.07969543040260796
0.07940294260444575
0.07916134403228979
0.07897314416365055
0.07883955491079134
0.07876190105369048
0.07874153541310244
0.07877901558172232
0.07887676664336005
0.07903537225450862
0.0792553502918368
0.07953802922969368
0.07988462623581902
0.0802952944000072
0.08077013263589138
0.08130952828575458
0.08191447050043664
0.08258458945821802
0.08331990301001899
0.08412002803077669
0.0849847839264432
0.08591507018223885
0.08690926660033797
0.08796708643386113
0.08908864767331767
0.09027317360484062
0.09151789654639379
0.09282479235402555
0.09419081676740103
0.09561435756966388
0.09709898992215092
0.09864964826577577
0.100250648683986
0.10190968694408578
0.10362463355712698
0.10539639645653352
0.10722617363890069
0.10911023835936645
0.11105057975782753
0.11304729950593655
0.1150989808935142
0.11720491427357216
0.11936497376471093
0.12157893739471722
0.12384688571983835
0.12616732063132552
0.12853981245908033
0.13096525676947604
0.133442682711396
0.1359707935762876
0.13855198031272545
0.14118223404720248
0.1438617033195009
0.14659141756030264
0.14937175848517725
0.15220096035386224
0.1550778037926118
0.158002012751444
0.16097202140900754
0.16398889816574871
0.16705171149763626
0.17015975267141029
0.1733088942208034
0.176498293495788
0.17972775800854224
0.18299498205998244
0.18629613929261082
0.1896287692522733
0.19298545950619292
0.19636796530923023
0.1997659745492732
0.20316739762653058
0.2065685864366276
0.20995680202603687
0.21331076998113435
0.21660944391345235
0.2198284861694461
0.22292658886715505
0.22585019672980183
0.22852668824918523
0.23084761402050355