0.30702181890441466
0.30490282935220847
0.3027754559892593
0.30062198629837306
0.29844360275777865
0.2962400752548525
0.294010809182965
0.29175508187474825
0.28947233978069037
0.2871619731257481
0.2848233094120006
0.2824560156074536
0.2800593804713325
0.2776330808070855
0.2751764045851516
0.27268903679233775
0.2701704729008924
0.26762034858411504
0.26503814263826014
0.2624233859831945
0.2597757383043057
0.2570948134568434
0.2543801509177534
0.25163139562218384
0.24884826892799983
0.24603038263014584
0.24317713769404592
0.24028867366884962
0.2373640960765449
0.23440363710627088
0.2314066065803277
0.22837294277643852
0.2253023346619368
0.22219448547310353
0.21904914049072755
0.21586608560128376
0.2126455240547231
0.2093866540919733
0.20609021733497665
0.20275548563379706
0.19938287172558203
0.19597262059410375
0.19252482191715328
0.18903895424255235
0.1855167214648354
0.1819577657778671
0.17836315470172998
0.17473357103948764
0.17106987672606694
0.16737362010245768
0.16364638558683428
0.1598901002937543
0.15610661928691993
0.15229941431327282
0.14847083581490322
0.14462523765485819
0.14076707069334873