0.27681285348915075
0.2734243325566235
0.26997281485484115
0.26645602438047356
0.2628716549854958
0.259217764155557
0.2554923776043394
0.2516936600589169
0.24781996768061731
0.24386967071178678
0.23984102359873852
0.23573276588358028
0.23154338707987404
0.22727161913304367
0.22291584040584003
0.21847553843448894
0.21394906084220092
0.20933557077736586
0.20463425019800496
0.19984418774981072
0.19692747686302375
0.19594814740481137
0.19496520754987887
0.19397861537010308
0.19298840045967872
0.19199460326265214
0.19099726497048802
0.1899964287417123
0.1889920250472652
0.18798397711491258
0.18697234498301715
0.1859570816928944
0.1849382762644808
0.1839159548955853
0.1828900391080355
0.18186051881415405
0.18082753740529886
0.17979095470250628
0.17875081716871602
0.17770724233984117
0.17666011379549484
0.17560946466230806
0.17455530249070386
0.1734976591613993
0.17243652468660592
0.17137193988227917
0.17030395796194864
0.16923266477520388
0.16815789836623732
0.1670796155464205
0.1659981189976648
0.16491319003818766
0.1638249961356137
0.1627335076641823
0.16163882469995675
0.16054093953669274
0.15943983732398176
0.15833546165669313
0.15722787385071632
0.1561172068656701
0.1550036383358685
0.1538873812564051
0.152767906351351
0.15164532903911146
0.15052018156243135
0.14939226161577518
0.1482614817578911
0.1471280628702663
0.14599210028492507
0.14485367462305573
0.14371279969764703
0.14256954591438484
0.14142383739971953
0.14027593313981832
0.13912620015812263
0.1379743609091446
0.13682051501368248
0.13566506137648573
0.13450790228334705
0.1333490564411723
0.13218871335348725
0.13102725215804528
0.12986463219819158
0.12870103328144453
0.12753656378301667
0.12637124773602623
0.12520578564156895
0.12404032224771648
0.12287448154070461
0.12170858985257632
0.12054315538979146
0.1193787552494721
0.11821510388417066
0.11705225898747691
0.11589077793341054
0.11473101119480049
0.11357334446688305
0.11241815879961183
0.11126572396837676
0.11011622749925544
0.10896994536040625
0.1078276214915718
0.1066897982622886
0.1055568986018426
0.10442899215076445
0.10330657186006081
0.10219055537761779
0.10108163089845462
0.0999801380736845
0.0988862554090815
0.09780097093161774
0.09672537486645182
0.09566026953321155
0.09460554099509019
0.09356262066077367
0.09253240921921778
0.09151536889859983
0.09051275335781597
0.08952558095795154
0.0885548638594853
0.08760155988206494
0.08666653729420042
0.0857512892530967
0.08485778625632188
0.08398570534142644
0.0831370230399981
0.08231369169477382
0.08151661054409509
0.08074696351000521
0.08000645230629147
0.07929696623941887
0.07861961238765033
0.07797621528960115
0.07736841940634721
0.07679775761152657
0.07626629522898032
0.07577504460824885
0.07532551745939904
0.0749198065867533
0.0745600188555636
0.07424732065315819
0.0739828076329081
0.07376794556740024
0.07360510354789139
0.07349532711550624
0.07343974260969718
0.07343955785051856
0.0734951202221737
0.0736086006011104
0.07378038583612441
0.07401076250297756
0.07430079606254947
0.07465140865081034
0.07506250435821032
0.07553394305590393
0.07606579908799428
0.07665871990788711
0.07731204314332019
0.07802546524855704
0.07879825089198353
0.0796299385434618
0.08052086983295585
0.08146912057307518
0.0824739193775935
0.0835348143324464
0.08465040897738406
0.08581728392219294
0.08703631861907575
0.0883033165247258
0.08961077431828919
0.09096150857628926
0.09236881375721151
0.09382059733048216
0.09532277738134329
0.09687316656823779
0.09847276606358395
0.10012285277092006
0.10182013481362245
0.10356666338602416
0.10536273476602341
0.10720727645535369
0.1090998256038976
0.1110405108006801
0.11302947557328571
0.11506703445927828
0.11715208096524446
0.11928468264653722
0.12146589122129493
0.12369537516087584
0.12597232998422944
0.1282994397904149
0.13067352485224445
0.13309532293423568
0.135566411728642
0.13808787046506127
0.14065877776532365
0.14327873836422458
0.14594843002907246
0.14866751405198378
0.15143774424712253
0.1542594056416873
0.15713327072179759
0.1600567451481655
0.16303024904170701
0.16605535340336056
0.169131839134779
0.17225786074080066
0.17543288991038014
0.17865253857571975
0.18192119461313422
0.1852318613515496
0.18857623419607503
0.1919541547467725
0.19535799202676513
0.19877218631066654
0.20218183877384358
0.2055694269538328
0.2089035565536323
0.212141315331075
0.21522311939565517
0.21805753408021492