0.2982140657793693
0.2947002134783287
0.29112024150802496
0.28747178115245936
0.2837523539630074
0.2799599745013531
0.27609257924020403
0.27214815425173655
0.2681249389907639
0.264021179326231
0.2598350888412582
0.25556515148486597
0.2512097035386217
0.2467674729845225
0.2422367126149876
0.23761636128026992
0.23290508934971957
0.2281016577886146
0.22320515964176224
0.2182141793003628
0.21517426329331688
0.21415339748975812
0.21312867577424965
0.21210005707357535
0.21106757188244082
0.2100312587321125
0.20899116379508362
0.20794733963048614
0.206899705439704
0.20584817414145815
0.2047928068155463
0.20373355034031904
0.20267049385219665
0.20160366498122234
0.20053297942120749
0.19945842474899558
0.19838015303680587
0.19729808785472933
0.1962122164002236
0.19512255111927063
0.19402930635311333
0.19293199154117302
0.1918308566599091
0.19072597666618618
0.1896173639491678
0.18850476865340585
0.18738875827978058
0.18626915514572914
0.18514578738382653
0.1840185938797716
0.18288782493836755
0.18175352597035974
0.1806155663718863
0.1794740078295732
0.1783289590098015
0.17718040997812637
0.17602834310291207
0.17487269667298425
0.17371352510178784
0.17255096960271926
0.1713853465240922
0.17021660013769757
0.16904428790868897
0.1678685159536317
0.16668989064346548
0.16550816135287927
0.16432329862509587
0.163135483052421
0.16194480116106588
0.1607513222823131
0.15955509851655872
0.158356176306679
0.15715443098714274
0.15595016045228066
0.15474375354385786
0.15353490884438548
0.15232387779723022
0.15111065978073562
0.14989541807983262
0.1486781624711417
0.14745920748004882
0.14623869587249466
0.14501675643561932
0.14379354364493055
0.14256914137804494
0.14134352734028008
0.1401174273439926
0.13889096861641867
0.13766383125454423
0.13643630826761216
0.13520885749952447
0.13398229234640413
0.13275596624181654
0.1315300906175523
0.13030525941288143
0.1290818710189447
0.12786028806034283
0.12664088234759277
0.12542390871745815
0.12420954468954219
0.12299805858900885
0.12179023146554684
0.12058661348307839
0.1193876178049212
0.11819329461360066
0.11700415298826655
0.11582116493824407
0.11464498508957821
0.11347591463635655
0.1123141410978487
0.11116070480097362
0.11001674775379076
0.10888305112395934
0.10775944613546377
0.10664739259185872
0.1055477623741624
0.10446104501974299
0.10338859193161368
0.10233143933497738
0.10129058675432033
0.10026697964642067
0.09926145590313565
0.0982754804941897
0.09731120302992233
0.09636829912721505
0.0954488868356118
0.09455482339223212
0.0936870045558233
0.0928467274002947
0.09203563283757453
0.09125583238208333
0.09050862273219933
0.08979593696495304
0.08911922121958153
0.0884803280418945
0.08788133026235712
0.08732350482176869
0.0868086307876506
0.08633893884232124
0.08591672363808722
0.08554331837573186
0.0852201754518102
0.08494907295683275
0.08473268006521946
0.08457239182911407
0.08446975730298582
0.0844262921935114
0.08444279621979277
0.08452200321048378
0.08466464695656485
0.08487158601434146
0.0851444206408692
0.0854847395081784
0.08589287669997477
0.0863693421236248
0.08691474469422132
0.08753055881859166
0.08821674436082873
0.0889735975108261
0.08980119183265797
0.09069972855257448
0.0916706390555002
0.092712685078816
0.09382612907032416
0.09501173272245432
0.09626942182048097
0.09759714424918065
0.09899823501689592
0.10047080331905243
0.10202010684341498
0.10365058806364687
0.10535756287627789
0.10712139007054661
0.10895176174609741
0.1108466388826127
0.11280683808586238
0.11483344926318688
0.11692224600166222
0.11907524366983745
0.12129227818543993
0.12357155151063841
0.1259120780188305
0.12831344570561626
0.1307750462319326
0.13329662880266738
0.1358762856117047
0.1385130019643999
0.14120751148716582
0.14395806681996268
0.14676282976170732
0.1496237936336001
0.1525360318705022
0.15549898467222364
0.15851302125957428
0.16157769546859294
0.1646902536850281
0.16784850783306188
0.17105105480670135
0.1742948929666043
0.17758025254674206
0.18090480882029034
0.18426610595803553
0.18765823642171386
0.19107890690670554
0.19452586369182234
0.19799440212581315
0.20147844328142692
0.2049733350813564
0.20846824570276828
0.21196192016656784
0.21544046355018104
0.21888752333194275
0.22229565333349383
0.22564652017579753
0.22891270177010856
0.23206656483000157
0.23507657567289175
0.23789092784104426
0.24044497791771458
0.24265260053275203
0.24438790129553511