0.28530945942127056
0.2832650180294525
0.28121257690632734
0.2791352650130604
0.27703422575399905
0.27490917216548655
0.2727596071020214
0.2705848219545043
0.2683842917860878
0.26615743336533954
0.2639036492829966
0.2616225638762045
0.2593135307424983
0.2569762137586983
0.25460996670452796
0.2522145080294689
0.24978937396942558
0.2473341930083025
0.244848511595102
0.24233189208582642
0.23978390706610628
0.23720438156609153
0.23459283038130502
0.23194895704450486
0.22927242435031592
0.22656293320930462
0.2238199691687525
0.22104365218641284
0.21823313253966667
0.21538864707244532
0.21250966023065873
0.20959608364241497
0.2066475742175283
0.20366410577313374
0.20064534621006316
0.19759119888311474
0.194501785420966
0.19137648733691154
0.18821600213394366
0.1850197264678393
0.18178813597494065
0.17852134583564291
0.17521964333151083
0.17188318000718636
0.1685127700867021
0.16510851305621044
0.16167151419572345
0.15820251896512275
0.15470231978702634
0.15117288023277986
0.14761554627458198
0.14403228570466842
0.1404250574195478
0.13679721294094388
0.1331515827238163
0.1294921671745242
0.12582326351720516