0.29596669283510973
0.29388493827660817
0.29179499652567203
0.28967955804103146
0.28753979831106496
0.28537547692585186
0.2831860183823662
0.2809707179079989
0.2787290361023854
0.2764603799729902
0.2741641195005942
0.271839872569674
0.26948697560901397
0.2671051042712184
0.26469358229093054
0.2622521061393889
0.25978018705705763
0.2572774663222217
0.25474345520178654
0.25217769365660936
0.24957980415184244
0.2469494939715484
0.24428629747163605
0.2415899302119838
0.23886000271744212
0.236096177022636
0.23329791783245352
0.2304653691837319
0.22759771445986401
0.22469514248088396
0.22175701832980868
0.21878323115486217
0.2157735117765958
0.21272768473231918
0.20964545367186685
0.20652668879611685
0.20337144860983455
0.2001790869628477
0.19695042806652513
0.19368477211892368
0.19038240402217824
0.18704360665429293
0.18366846023800804
0.18025716929875601
0.17681048753228187
0.17332848456704658
0.169812394284881
0.16626259942434657
0.16268035375785703
0.1590671644934747
0.1554244710897865
0.15175426852538307
0.14805841849912615
0.14434036090014493
0.1406027618201342
0.13684957910695245
0.13308556191972584